13 2 15 3
15 13
0.508017966567939 1.67754357180762 0.679286393460878 1.54334308911589 1.79660487425674 1.98659082668528 0.394457845008606 0.903134110611853 0.600969591265457 0.249525517149069 2.0336632540545 1.96968704441401 1.19115111361164 
1.6900441699088 1.15168192178874 0.284406463555642 0.817044386828266 1.72874760875273 0.925731821224361 1.91273257392439 1.90346560603488 1.80346380332033 0.422591266226691 0.854473570567237 0.742077138428073 1.49737906320217 
1.53513748530391 1.45917394154054 1.10068207079895 1.561867696768 2.11083809086014 1.87214526788284 0.624122069315503 2.13494587583551 0.863166110799652 1.40638180216459 1.381639695246 1.67419439054143 2.02076543756184 
2.02788198069424 1.36934769943179 1.70672436956948 2.19016544137942 0.758176530872015 1.74523580881398 1.99283153916694 0.998244941507041 2.14703909388458 1.55417353340472 0.647770919014986 1.05749352958255 1.88718566832786 
1.60511106215043 0.795828364967681 0.968185615052948 0.728285943304714 0.328572300223361 0.778977723031221 0.693849654998953 2.22294497667336 0.729875249935648 1.44247184928009 2.02303752378089 0.621672312826158 1.94858568233225 
1.2576061733274 2.00443320702355 1.54507240146953 1.47587252644017 1.6222767407117 0.45695495886905 1.04093644610968 0.851948331314507 2.05920033512918 0.484905299764009 0.607903467581955 1.47488000572739 1.2251129666399 
2.14186693063411 1.22885835022465 2.20413119894963 0.789436023857574 1.63049635440919 0.39765413849824 0.405524825673722 1.77698982477367 0.447136882708398 1.38488180980632 1.84278386711591 2.09941192608618 1.99914212785009 
0.90039033372292 0.539429613447875 0.578943505960417 1.2630993141094 0.609614945108284 0.721474416697546 2.04347053432386 1.04468335240685 1.39165941485134 1.32730814577739 0.326544314582547 0.495398257897348 0.88566230352619 
1.83187421291076 1.24373886027866 0.573203523717842 1.2736495197101 1.58680482449646 0.559786835753652 0.837232581537252 1.67436424980928 0.932824319470519 2.02202439383085 1.08373790079289 1.71787952599336 1.84597197428011 
0.758598425586448 2.07306054404932 2.2411942611579 1.96027553526085 0.875072826846463 2.09634569179415 0.374746846948559 0.621937561877435 1.73298866828896 1.08633793549295 1.44493350341533 2.20307689895384 0.507487788840351 
1.65742293616955 1.02473907759952 0.520423786764623 1.52841988444108 1.72267264095578 2.13911063770109 2.1621070028045 1.64821100385629 1.83032626910935 0.866728288332732 0.705257496001246 1.46534804955693 0.656001918130948 
0.481918157110345 1.71026156716845 0.267102648436066 1.39987482455872 0.82199868392611 1.27056741754404 0.456689709817773 1.25653346015298 1.13152155499829 1.11730948961533 0.761066459281328 0.725415925640733 0.345307219741936 
2.06707904657997 0.662379589979175 0.552386797098084 0.540658893123037 1.13523068592049 2.07629281918664 2.22432314036934 1.80031152320428 1.28417295444338 1.19901808760402 1.45138182446278 1.09040198506659 0.571904169469488 
0.305730171451612 1.03881251096057 0.916544613662822 2.20408170474271 1.37741370637168 1.99570910240642 1.56435288263075 0.911091107175655 1.61974922996321 1.6201542453873 1.51451654131588 1.30996142648943 0.358500298087179 
2.17088496021821 1.32295795013653 1.74776331956247 0.829632252648694 0.524664846300849 1.68902599870966 1.25487357044672 0.438721930620058 0.866130988324514 1.29489891924045 0.641878975661808 2.11240722970071 0.986474621376636 
15 15
0.723838840482681 0.882487541941222 0.129572785985457 -0.383222614127781 -0.731763684997225 -0.89871580428384 -0.0867160330930333 -0.637025815265731 -0.769450954985549 -0.269343199799463 0.0581905651177235 -0.210806051832999 -0.167879153586868 -0.689165835124052 0.694115289344506 
0.933499985343544 -0.247618117950679 0.527507756616691 -0.913878309500347 0.614892682812592 0.967277784816585 -0.583496692396466 -0.993068557229391 0.940737033235252 0.687715033855157 -0.902177635534749 -0.99581515043779 0.45954258994178 0.701813147264446 0.467211124239122 
0.812791604461517 0.0165828880931171 -0.863102040189832 -0.808291984632747 0.591518817279264 0.746289669417911 0.497616889652618 -0.881521629114413 0.730286280498973 0.0252796304529903 0.018710787882428 -0.996522285042574 -0.261673216364194 -0.0483380942830528 -0.729380792812156 
0.380145418169045 -0.0286693289078164 -0.26859509538328 0.0390222319583513 0.0328115378659273 0.800856772717487 -0.202055707202319 0.100450996821956 -0.0317237419223989 0.0176492719993224 -0.512877045903763 -0.24199780413974 -0.104154638528896 -0.0678256894777649 0.330554938563404 
0.116650891078939 -0.746217610196312 -0.770022209626633 -0.624260021198662 -0.309553872472399 -0.200011376850312 0.470259496695483 0.428051724763611 -0.638182288798588 0.948336441977106 0.127781469900059 -0.468974051749787 0.812933014618667 0.440985989496571 0.521875462272146 
-0.875348850095341 0.207878432799074 0.28258779611559 0.654359767983835 -0.593256428648371 0.884423226064268 0.883883063627352 0.0162600339466055 -0.197379818743737 -0.95682272033618 -0.546137000222754 -0.0841855383870125 -0.511613588552742 -0.713915042445955 0.109662901195541 
0.443115099073907 -0.259698978280508 -0.336635946918575 0.0794640635510273 -0.777822647140279 0.664706819534631 0.515075419803651 -0.376985840209287 0.793768693596948 -0.94228384454841 0.423480145364758 0.800412868056638 0.208355297897177 0.967021619885704 -0.00598366884793322 
-0.858475441978534 0.56419615613492 0.460996298799755 0.351313230279513 -0.067644735364078 -0.210799815697037 0.74021169903698 -0.553996027239597 -0.725411672017263 0.180989322802513 0.00871552760187333 -0.600396216660922 -0.868293643867734 0.576223907794908 0.46005764671604 
-0.00151806743886229 0.565930858983626 0.944050267312699 0.8554576401857 -0.785283770312222 -0.825734238059136 0.127460359189408 0.16339078599745 0.762575362698443 0.774017259373338 0.402102842648562 -0.226835530822554 0.314744787902918 0.00523559609671853 -0.583605597533102 
0.820018913513058 0.416766009021907 0.738495811698258 0.529335920479771 0.275101678108378 -0.688689373288625 0.35833051491451 0.26168274845075 -0.128876420263609 -0.769820062336428 -0.646003691314721 -0.402839874570649 0.951525590359944 0.950915539614351 -0.646543462596155 
0.93425132796832 0.970544916563921 0.498775746439945 -0.0164621812368101 0.219123488859797 -0.94989127756557 -0.605399966987502 -0.396470504531856 -0.413791224087491 -0.709730192883746 -0.430794508862679 -0.827167110437139 0.307176654835779 0.257777697061085 0.580838650269824 
-0.64092468733011 0.856414834901884 0.106594237082914 -0.630696170791377 0.291385583249566 -0.823805473662822 0.153766425863731 -0.174307501490371 -0.772933914220395 0.970499334843131 0.732343114787873 -0.24025228956726 -0.321000493746717 0.698218581126173 0.872478493429943 
0.663760169252642 0.828222416261315 -0.226976763097093 -0.753139254522109 0.072532620780418 -0.718559680375531 0.976991785679474 0.4172530553384 -0.381170689771497 -0.665773896344832 -0.644096991812855 0.956269021125636 0.623176787804429 -0.754453681295018 -0.311267072945492 
-0.555305979938854 -0.449994259257798 0.817906486717009 0.963379409147137 0.232834859393926 0.202068984136949 0.763920553849973 -0.278499088845448 -0.557473742197023 0.536261544346931 -0.770672582914435 -0.261903679585971 -0.336347036685956 0.889962828666886 -0.193523394499683 
-0.442310525776032 0.965670394695211 0.765074086266139 0.146105974515018 -0.244993356636257 0.246439971610177 0.156616489941541 -0.359662594906829 -0.59461140986281 -0.133269998772661 -0.158157051148898 -0.928452095914843 0.379130950839785 -0.0450514196628012 0.223849293414433 
3 15
-0.209832169678915 -0.640203792434281 -0.591619700934561 -0.730531950355755 -0.464732496749951 -0.586393535875899 0.781386302682285 0.96226776110114 -0.516071161961216 -0.0264911237296142 0.226344219048668 0.861239084909316 0.630734965964563 0.383883762817776 -0.405826681016864 
-0.0371910208078059 -0.742589698984562 -0.707378150758975 0.316817833723881 -0.421282226881609 0.278288692831196 0.714100584254647 -0.148487199632678 0.886029484628714 0.545091992032291 0.26092514361298 0.56328870708276 -0.671063280511211 0.828434656294265 0.124565468693415 
-0.758256472534619 0.839965530596657 0.141777501041897 -0.758244499451595 0.860147339226747 -0.230252697705409 0.0805416168088753 0.603636868113483 -0.556883586364278 -0.343223764255281 -0.484872175140712 -0.38197032892237 -0.450933695515121 0.884614231011185 -0.0304918731704782 
15
-0.837503524452569
-0.897082399560064
0.66163234021276
0.319715038525387
-0.78799251925887
-0.603298737513859
0.733767324903519
-0.050223769208873
0.222791851105185
0.711144466718839
-0.209219253284846
0.809000202334599
0.658772707726814
-0.12938865795552
-0.519163162254691
15
-2.85999316645541
-1.81643910673967
-2.64388047072041
-1.6522944165147
-1.7174009257984
-1.50244687450918
-1.97568602835313
-1.13755252334861
-1.85842817060331
-1.61464370745671
-2.26135733898547
-2.97796122938054
-2.45115074885352
-1.21339003867848
-2.71787659181869
3
0.552134635936572
0.59015694177069
-0.0971846238156302
ReLU
